date,open,high,low,close,volume,rsi,ticker,current_price
2024-01-02 00:00:00-05:00,29.82,30.065,29.6576,29.83,8773687.0,,HPQ,27.11
2024-01-03 00:00:00-05:00,29.66,30.1,29.48,29.9,8026413.0,,HPQ,27.11
2024-01-04 00:00:00-05:00,29.82,30.125,29.65,29.68,7727331.0,,HPQ,27.11
2024-01-05 00:00:00-05:00,29.6,30.22,29.54,29.95,6926162.0,,HPQ,27.11
2024-01-08 00:00:00-05:00,30.14,31.09,30.08,31.0,11378046.0,,HPQ,27.11
2024-01-09 00:00:00-05:00,30.7,30.815,30.14,30.16,8504517.0,,HPQ,27.11
2024-01-10 00:00:00-05:00,30.16,30.41,30.1,30.34,8686445.0,,HPQ,27.11
2024-01-11 00:00:00-05:00,30.46,30.6,29.82,30.0,8835630.0,,HPQ,27.11
2024-01-12 00:00:00-05:00,30.04,30.175,29.71,29.81,6883605.0,,HPQ,27.11
2024-01-16 00:00:00-05:00,29.5,29.56,29.01,29.09,6694918.0,,HPQ,27.11
2024-01-17 00:00:00-05:00,28.81,28.92,28.45,28.65,8072478.0,,HPQ,27.11
2024-01-18 00:00:00-05:00,28.91,28.91,28.45,28.65,8246657.0,,HPQ,27.11
2024-01-19 00:00:00-05:00,28.74,29.34,28.4,29.12,9815634.0,,HPQ,27.11
2024-01-22 00:00:00-05:00,29.3,29.555,29.14,29.18,8926275.0,,HPQ,27.11
2024-01-23 00:00:00-05:00,29.17,29.66,29.115,29.57,7559833.0,47.51908396946567,HPQ,27.11
2024-01-24 00:00:00-05:00,29.77,29.915,29.5419,29.56,6920129.0,47.421623205391164,HPQ,27.11
2024-01-25 00:00:00-05:00,29.66,30.01,29.5,29.71,8338221.0,49.107746678592505,HPQ,27.11
2024-01-26 00:00:00-05:00,29.64,30.16,29.64,30.0,9325979.0,52.2930808013277,HPQ,27.11
2024-01-29 00:00:00-05:00,30.0,30.01,29.14,29.24,8002644.0,44.44249562647198,HPQ,27.11
2024-01-30 00:00:00-05:00,29.2,29.35,29.09,29.15,6618121.0,43.60759735722459,HPQ,27.11
2024-01-31 00:00:00-05:00,28.94,29.155,28.685,28.71,10409588.0,39.68267629094484,HPQ,27.11
2024-02-01 00:00:00-05:00,28.66,28.94,28.38,28.94,11987926.0,42.591419736573876,HPQ,27.11
2024-02-02 00:00:00-05:00,28.77,28.82,28.445,28.68,7193061.0,40.229638440809225,HPQ,27.11
2024-02-05 00:00:00-05:00,28.57,28.59,28.165,28.33,10526226.0,37.23625126465004,HPQ,27.11
2024-02-06 00:00:00-05:00,28.35,28.55,28.145,28.29,7927423.0,36.89834188637537,HPQ,27.11
2024-02-07 00:00:00-05:00,28.25,28.25,27.86,27.95,7357961.0,34.0683270645397,HPQ,27.11
2024-02-08 00:00:00-05:00,28.0,28.3,27.93,28.29,4639233.0,39.09862427924742,HPQ,27.11
2024-02-09 00:00:00-05:00,28.28,28.52,28.19,28.42,4852209.0,40.95361600042852,HPQ,27.11
2024-02-12 00:00:00-05:00,28.42,28.8,28.39,28.69,4896452.0,44.71970289522301,HPQ,27.11
2024-02-13 00:00:00-05:00,28.32,28.4,27.89,28.14,6505897.0,39.23055324405871,HPQ,27.11
2024-02-14 00:00:00-05:00,29.01,29.08,28.335,28.58,6547433.0,45.042332665656744,HPQ,27.11
2024-02-15 00:00:00-05:00,28.58,29.09,28.58,29.03,7071789.0,50.2795807108736,HPQ,27.11
2024-02-16 00:00:00-05:00,28.99,29.095,28.525,28.58,5681541.0,45.5998296047963,HPQ,27.11
2024-02-20 00:00:00-05:00,28.38,28.75,28.34,28.63,5677893.0,46.199018124546186,HPQ,27.11
2024-02-21 00:00:00-05:00,28.54,28.65,28.2625,28.43,7580415.0,44.106310166972456,HPQ,27.11
2024-02-22 00:00:00-05:00,28.49,29.1,28.49,28.95,6276183.0,50.39756025868,HPQ,27.11
2024-02-23 00:00:00-05:00,29.13,29.33,28.985,29.27,5547355.0,53.8407741643709,HPQ,27.11
2024-02-26 00:00:00-05:00,29.31,29.49,28.78,28.8,9431050.0,48.51404058710244,HPQ,27.11
2024-02-27 00:00:00-05:00,28.96,28.9799,28.66,28.83,6683652.0,48.86181932977964,HPQ,27.11
2024-02-28 00:00:00-05:00,28.72,29.09,28.68,28.72,10811290.0,47.59239192653461,HPQ,27.11
2024-02-29 00:00:00-05:00,27.86,29.07,27.6582,28.33,22925540.0,43.29745122045855,HPQ,27.11
2024-03-01 00:00:00-05:00,29.0,29.63,28.89,29.41,13170691.0,55.32174709558117,HPQ,27.11
2024-03-04 00:00:00-05:00,29.35,29.595,28.99,29.06,10322183.0,51.509562625896656,HPQ,27.11
2024-03-05 00:00:00-05:00,28.98,29.45,28.87,29.13,10274353.0,52.218732641173716,HPQ,27.11
2024-03-06 00:00:00-05:00,29.48,30.5,29.41,30.23,14187961.0,61.69835468359645,HPQ,27.11
2024-03-07 00:00:00-05:00,30.36,30.95,30.1455,30.56,14006846.0,64.00550245088175,HPQ,27.11
2024-03-08 00:00:00-05:00,30.74,31.05,30.55,30.74,11435706.0,65.23559019107653,HPQ,27.11
2024-03-11 00:00:00-04:00,30.61,30.93,30.385,30.86,7029007.0,66.06812286046858,HPQ,27.11
2024-03-12 00:00:00-04:00,30.61,30.79,30.19,30.5,13376925.0,61.323524348285034,HPQ,27.11
2024-03-13 00:00:00-04:00,30.5,30.945,30.3,30.75,8006371.0,63.2948427711784,HPQ,27.11
2024-03-14 00:00:00-04:00,30.8,30.92,30.355,30.61,9767208.0,61.40727554607302,HPQ,27.11
2024-03-15 00:00:00-04:00,30.45,30.9559,30.4,30.42,15269825.0,58.84257864207714,HPQ,27.11
2024-03-18 00:00:00-04:00,30.39,30.47,29.61,29.94,9223772.0,52.83859129388654,HPQ,27.11
2024-03-19 00:00:00-04:00,29.81,29.89,29.5,29.82,6113604.0,51.42587658408818,HPQ,27.11
2024-03-20 00:00:00-04:00,29.7,29.77,29.33,29.68,5292794.0,49.75452694802869,HPQ,27.11
2024-03-21 00:00:00-04:00,29.85,30.385,29.7,30.08,6699348.0,54.322318709503556,HPQ,27.11
2024-03-22 00:00:00-04:00,30.11,30.24,29.95,30.05,4796907.0,53.92635410718697,HPQ,27.11
2024-03-25 00:00:00-04:00,29.89,30.06,29.81,29.88,6904862.0,51.62972823340001,HPQ,27.11
2024-03-26 00:00:00-04:00,30.05,30.14,29.98,29.99,6167110.0,53.023832398210445,HPQ,27.11
2024-03-27 00:00:00-04:00,30.19,30.2,29.725,30.12,6441024.0,54.68603557153137,HPQ,27.11
2024-03-28 00:00:00-04:00,30.12,30.365,30.025,30.22,5954070.0,55.97646069504699,HPQ,27.11
2024-04-01 00:00:00-04:00,30.25,30.56,30.22,30.38,6811865.0,58.035603190617444,HPQ,27.11
2024-04-02 00:00:00-04:00,30.16,30.35,29.535,29.56,6127599.0,46.12755823988891,HPQ,27.11
2024-04-03 00:00:00-04:00,29.47,30.09,29.42,29.66,6862822.0,47.541186622606794,HPQ,27.11
2024-04-04 00:00:00-04:00,30.05,30.4,29.59,29.64,5402082.0,47.274005557419706,HPQ,27.11
2024-04-05 00:00:00-04:00,29.53,29.6,29.045,29.11,5160763.0,40.73989962034535,HPQ,27.11
2024-04-08 00:00:00-04:00,29.28,29.43,29.115,29.31,5210303.0,43.89150064068406,HPQ,27.11
2024-04-09 00:00:00-04:00,29.44,29.98,29.37,29.97,6593714.0,52.81044327658542,HPQ,27.11
2024-04-10 00:00:00-04:00,29.5,29.85,28.92,28.95,6664821.0,41.76188260327082,HPQ,27.11
2024-04-11 00:00:00-04:00,29.06,29.28,28.6814,29.23,5519864.0,45.15401853770298,HPQ,27.11
2024-04-12 00:00:00-04:00,28.99,29.18,28.36,28.53,7626113.0,39.03301402447284,HPQ,27.11
2024-04-15 00:00:00-04:00,28.77,28.9,27.905,27.96,6224193.0,34.885970435335565,HPQ,27.11
2024-04-16 00:00:00-04:00,27.98,28.04,27.55,27.79,7086643.0,33.734790326450195,HPQ,27.11
2024-04-17 00:00:00-04:00,27.95,28.205,27.625,27.69,6144063.0,33.04403957807206,HPQ,27.11
2024-04-18 00:00:00-04:00,27.69,28.02,27.5101,27.62,4525451.0,32.54173541001785,HPQ,27.11
2024-04-19 00:00:00-04:00,27.66,27.94,27.57,27.81,4770045.0,35.411644371735704,HPQ,27.11
2024-04-22 00:00:00-04:00,28.0,28.1,27.5,27.7,5156331.0,34.49661875507391,HPQ,27.11
2024-04-23 00:00:00-04:00,27.69,27.85,27.58,27.67,6116240.0,34.2367862960742,HPQ,27.11
2024-04-24 00:00:00-04:00,27.81,28.59,27.425,28.1,14491946.0,41.086375146305876,HPQ,27.11
2024-04-25 00:00:00-04:00,27.97,28.3,27.755,28.13,5032707.0,41.54383112396924,HPQ,27.11
2024-04-26 00:00:00-04:00,28.13,28.39,27.96,28.0,5356232.0,40.091090076221455,HPQ,27.11
2024-04-29 00:00:00-04:00,28.12,28.45,28.12,28.27,5807143.0,44.43692319884117,HPQ,27.11
2024-04-30 00:00:00-04:00,28.05,28.435,28.03,28.09,5557719.0,42.23718970869265,HPQ,27.11
2024-05-01 00:00:00-04:00,28.0,28.075,27.605,27.75,6137292.0,38.37312533123561,HPQ,27.11
2024-05-02 00:00:00-04:00,27.98,28.03,27.52,27.94,4828792.0,41.589029709397145,HPQ,27.11
2024-05-03 00:00:00-04:00,28.28,28.5,28.01,28.18,6648423.0,45.46058763769916,HPQ,27.11
2024-05-06 00:00:00-04:00,28.33,28.44,28.22,28.42,4354692.0,49.09423668093092,HPQ,27.11
2024-05-07 00:00:00-04:00,28.57,28.8,28.245,28.41,3953052.0,48.947904424546756,HPQ,27.11
2024-05-08 00:00:00-04:00,28.38,29.58,28.38,29.44,8796653.0,61.63290261959499,HPQ,27.11
2024-05-09 00:00:00-04:00,29.39,29.68,29.33,29.65,6431722.0,63.61777611102358,HPQ,27.11
2024-05-10 00:00:00-04:00,29.84,29.88,29.62,29.72,4973216.0,64.2811146256723,HPQ,27.11
2024-05-13 00:00:00-04:00,29.84,30.23,29.81,29.94,5568284.0,66.35720999974302,HPQ,27.11
2024-05-14 00:00:00-04:00,30.14,30.915,30.02,30.76,8018168.0,72.72144988499878,HPQ,27.11
2024-05-15 00:00:00-04:00,31.0,31.395,30.99,31.36,6480610.0,76.26022678384824,HPQ,27.11
2024-05-16 00:00:00-04:00,31.26,31.345,31.0,31.07,5737465.0,71.43649169700487,HPQ,27.11
2024-05-17 00:00:00-04:00,31.23,31.28,31.01,31.19,4618189.0,72.21954730898474,HPQ,27.11
2024-05-20 00:00:00-04:00,31.38,31.9295,31.26,31.82,5591044.0,75.9476105577196,HPQ,27.11
2024-05-21 00:00:00-04:00,31.95,32.85,31.89,32.69,8201359.0,79.94925005340374,HPQ,27.11
2024-05-22 00:00:00-04:00,32.76,33.27,32.75,33.01,7717629.0,81.18892749977162,HPQ,27.11
2024-05-23 00:00:00-04:00,33.18,33.38,32.585,32.65,6822730.0,75.53120432151192,HPQ,27.11
2024-05-24 00:00:00-04:00,32.78,32.92,32.53,32.75,6503898.0,76.03086980189777,HPQ,27.11
2024-05-28 00:00:00-04:00,32.89,33.4499,32.85,33.14,8019542.0,77.92422462118763,HPQ,27.11
2024-05-29 00:00:00-04:00,32.78,33.33,32.41,32.8,12481280.0,72.54423274173212,HPQ,27.11
2024-05-30 00:00:00-04:00,34.4,39.52,34.4,38.36,38267181.0,87.60952630092102,HPQ,27.11
2024-05-31 00:00:00-04:00,37.59,37.62,34.91,36.5,29952123.0,73.14924621103577,HPQ,27.11
2024-06-03 00:00:00-04:00,36.5,36.75,34.84,35.32,12390673.0,65.73639929643649,HPQ,27.11
2024-06-04 00:00:00-04:00,35.21,35.88,35.16,35.35,9633562.0,65.83120376018331,HPQ,27.11
2024-06-05 00:00:00-04:00,35.76,36.035,35.24,35.63,8143815.0,66.75576066420459,HPQ,27.11
2024-06-06 00:00:00-04:00,35.63,36.4999,35.58,36.18,9319515.0,68.55561129578453,HPQ,27.11
2024-06-07 00:00:00-04:00,36.09,36.79,36.04,36.45,8718813.0,69.43058098301704,HPQ,27.11
2024-06-10 00:00:00-04:00,36.3,36.35,35.49,36.18,8796540.0,67.41053024501129,HPQ,27.11
2024-06-11 00:00:00-04:00,36.15,36.47,35.88,36.32,7708849.0,67.93153136267495,HPQ,27.11
2024-06-12 00:00:00-04:00,36.61,36.975,36.235,36.3,7372513.0,67.76486322984405,HPQ,27.11
2024-06-13 00:00:00-04:00,36.28,36.78,36.095,36.45,6847453.0,68.39123848368811,HPQ,27.11
2024-06-14 00:00:00-04:00,36.22,36.63,35.435,35.51,8582423.0,60.46236508018678,HPQ,27.11
2024-06-17 00:00:00-04:00,35.61,36.09,35.22,35.93,7500303.0,62.55143199432216,HPQ,27.11
2024-06-18 00:00:00-04:00,36.11,36.8,35.925,36.75,9607530.0,66.29577211873136,HPQ,27.11
2024-06-20 00:00:00-04:00,36.86,37.18,36.105,36.24,9202372.0,62.13460978385616,HPQ,27.11
2024-06-21 00:00:00-04:00,36.1,36.64,35.85,36.37,17244553.0,62.77598169838339,HPQ,27.11
2024-06-24 00:00:00-04:00,36.35,36.9,36.15,36.3,5496072.0,62.165383539885944,HPQ,27.11
2024-06-25 00:00:00-04:00,36.14,36.46,36.02,36.27,6003042.0,61.88755732833503,HPQ,27.11
2024-06-26 00:00:00-04:00,36.12,36.15,34.77,35.09,9658302.0,52.03659026940541,HPQ,27.11
2024-06-27 00:00:00-04:00,35.19,35.3,34.645,34.71,5716774.0,49.314298575014476,HPQ,27.11
2024-06-28 00:00:00-04:00,34.9,35.38,34.77,35.02,14543019.0,51.54149548072697,HPQ,27.11
2024-07-01 00:00:00-04:00,35.2,35.23,34.71,34.97,4952926.0,51.15108541950696,HPQ,27.11
2024-07-02 00:00:00-04:00,34.75,35.13,34.4,34.8,5834530.0,49.77069699455096,HPQ,27.11
2024-07-03 00:00:00-04:00,34.9,35.09,34.715,34.85,3985175.0,50.19640606626324,HPQ,27.11
2024-07-05 00:00:00-04:00,34.89,34.9,34.39,34.63,4365509.0,48.25835323828666,HPQ,27.11
2024-07-08 00:00:00-04:00,34.85,35.5,34.8,35.32,6511282.0,54.22745691943251,HPQ,27.11
2024-07-09 00:00:00-04:00,35.27,35.62,35.15,35.42,5153020.0,55.03703622610832,HPQ,27.11
2024-07-10 00:00:00-04:00,35.72,36.1,35.515,36.07,5344689.0,59.990566270047644,HPQ,27.11
2024-07-11 00:00:00-04:00,36.2,36.55,36.025,36.1,6723524.0,60.20845923482937,HPQ,27.11
2024-07-12 00:00:00-04:00,36.23,36.91,35.93,36.73,6599877.0,64.57193183509862,HPQ,27.11
2024-07-15 00:00:00-04:00,36.43,37.35,36.41,37.34,5720720.0,68.20725852493779,HPQ,27.11
2024-07-16 00:00:00-04:00,37.6,38.13,37.49,38.0,8571108.0,71.60252931478183,HPQ,27.11
2024-07-17 00:00:00-04:00,37.6,38.42,37.37,38.11,8906753.0,72.13661838998212,HPQ,27.11
2024-07-18 00:00:00-04:00,38.07,38.185,37.22,37.38,5895456.0,63.589246992056836,HPQ,27.11
2024-07-19 00:00:00-04:00,37.41,37.44,36.875,37.15,4773663.0,61.13153082604691,HPQ,27.11
2024-07-22 00:00:00-04:00,37.62,38.04,37.4229,38.02,4520058.0,66.41868360915188,HPQ,27.11
2024-07-23 00:00:00-04:00,37.78,38.14,37.6501,37.71,4472835.0,63.12376678944516,HPQ,27.11
2024-07-24 00:00:00-04:00,37.58,38.12,37.5,37.82,6310453.0,63.80982435371811,HPQ,27.11
2024-07-25 00:00:00-04:00,37.61,37.79,36.2,36.25,8589665.0,49.620371069093885,HPQ,27.11
2024-07-26 00:00:00-04:00,36.54,36.75,36.195,36.34,7299563.0,50.3026142410432,HPQ,27.11
2024-07-29 00:00:00-04:00,36.4,36.425,35.75,36.13,4788397.0,48.64721156148118,HPQ,27.11
2024-07-30 00:00:00-04:00,36.13,36.3,35.14,35.52,6915689.0,44.10662320644919,HPQ,27.11
2024-07-31 00:00:00-04:00,35.97,36.36,35.74,36.09,8189940.0,48.90568623649953,HPQ,27.11
2024-08-01 00:00:00-04:00,35.975,36.29,34.99,35.17,5437490.0,42.55469844348892,HPQ,27.11
2024-08-02 00:00:00-04:00,34.41,34.56,33.555,33.72,6489106.0,34.86895749683819,HPQ,27.11
2024-08-05 00:00:00-04:00,32.58,32.98,32.16,32.75,7339280.0,30.85435040334565,HPQ,27.11
2024-08-06 00:00:00-04:00,32.85,33.1952,32.52,32.72,6154408.0,30.736483339445286,HPQ,27.11
2024-08-07 00:00:00-04:00,32.91,33.08,31.951,32.02,7603692.0,28.044427265869132,HPQ,27.11
2024-08-08 00:00:00-04:00,32.29,33.09,32.29,33.02,5909040.0,36.58884082217487,HPQ,27.11
2024-08-09 00:00:00-04:00,32.86,33.89,32.86,33.54,6605502.0,40.542613266447454,HPQ,27.11
2024-08-12 00:00:00-04:00,33.63,34.17,33.58,33.78,5609232.0,42.329880170051496,HPQ,27.11
2024-08-13 00:00:00-04:00,34.01,34.78,33.97,34.76,6477398.0,49.063001817149434,HPQ,27.11
2024-08-14 00:00:00-04:00,34.76,35.015,34.54,34.75,5158590.0,49.00013499738318,HPQ,27.11
2024-08-15 00:00:00-04:00,35.2,35.559,35.15,35.49,4847785.0,53.725402784545764,HPQ,27.11
2024-08-16 00:00:00-04:00,35.48,36.03,35.405,35.91,5580370.0,56.20555686077187,HPQ,27.11
2024-08-19 00:00:00-04:00,34.62,35.29,34.28,34.6,9622314.0,47.630653350939774,HPQ,27.11
2024-08-20 00:00:00-04:00,34.6,35.0499,34.59,34.81,6885405.0,48.974560979927176,HPQ,27.11
2024-08-21 00:00:00-04:00,35.0,35.325,34.815,35.27,4676966.0,51.88713330130657,HPQ,27.11
2024-08-22 00:00:00-04:00,35.31,35.6789,35.0,35.08,4955466.0,50.6023176190779,HPQ,27.11
2024-08-23 00:00:00-04:00,35.33,36.17,35.32,35.66,6319665.0,54.320744490209016,HPQ,27.11
2024-08-26 00:00:00-04:00,35.85,36.16,35.34,35.57,5415212.0,53.645923478745445,HPQ,27.11
2024-08-27 00:00:00-04:00,35.5,35.68,35.34,35.6,6473819.0,53.851721793336935,HPQ,27.11
2024-08-28 00:00:00-04:00,35.52,35.7,34.64,34.76,12074196.0,47.49356329877423,HPQ,27.11
2024-08-29 00:00:00-04:00,34.11,36.8699,33.8,35.46,18740425.0,52.52403797755676,HPQ,27.11
2024-08-30 00:00:00-04:00,35.65,36.25,35.46,36.18,12068586.0,57.07900599545672,HPQ,27.11
2024-09-03 00:00:00-04:00,35.99,36.17,35.14,35.38,9151741.0,51.20097388935864,HPQ,27.11
2024-09-04 00:00:00-04:00,35.35,35.64,35.145,35.33,6514274.0,50.84852301224553,HPQ,27.11
2024-09-05 00:00:00-04:00,34.84,35.03,34.34,34.4,6862109.0,44.68686126913661,HPQ,27.11
2024-09-06 00:00:00-04:00,34.27,34.635,33.765,33.82,7995956.0,41.32369465754679,HPQ,27.11
2024-09-09 00:00:00-04:00,34.28,34.83,34.02,34.18,9803668.0,44.13413425113099,HPQ,27.11
2024-09-10 00:00:00-04:00,34.02,34.18,33.37,33.47,7862963.0,40.0589130445417,HPQ,27.11
2024-09-11 00:00:00-04:00,33.18,33.43,32.685,33.37,7186832.0,39.50561173055256,HPQ,27.11
2024-09-12 00:00:00-04:00,33.24,33.4,32.95,33.1,6508797.0,37.9802636385076,HPQ,27.11
2024-09-13 00:00:00-04:00,33.2,33.5475,33.135,33.32,5924173.0,40.01268248709672,HPQ,27.11
2024-09-16 00:00:00-04:00,33.19,33.85,33.14,33.76,7775915.0,43.967598060282306,HPQ,27.11
2024-09-17 00:00:00-04:00,34.05,34.905,33.99,34.43,10054403.0,49.434472812683225,HPQ,27.11
2024-09-18 00:00:00-04:00,34.6,34.98,34.3,34.53,7077894.0,50.21521279460295,HPQ,27.11
2024-09-19 00:00:00-04:00,35.1,35.216,34.8,34.82,7466653.0,52.5054393026942,HPQ,27.11
2024-09-20 00:00:00-04:00,34.71,34.92,34.385,34.76,37215904.0,51.9727239696008,HPQ,27.11
2024-09-23 00:00:00-04:00,34.79,35.245,34.63,35.11,7951741.0,54.850427319467386,HPQ,27.11
2024-09-24 00:00:00-04:00,35.26,35.88,35.25,35.84,6576949.0,60.20610047506323,HPQ,27.11
2024-09-25 00:00:00-04:00,36.0,36.41,35.93,36.05,6621992.0,61.61663770706425,HPQ,27.11
2024-09-26 00:00:00-04:00,36.48,36.93,36.07,36.85,6278208.0,66.48969787899193,HPQ,27.11
2024-09-27 00:00:00-04:00,35.76,36.08,35.1054,35.41,9961863.0,53.35813084665679,HPQ,27.11
2024-09-30 00:00:00-04:00,35.5,35.99,35.5,35.87,8304171.0,56.32549092972366,HPQ,27.11
2024-10-01 00:00:00-04:00,35.04,35.19,34.15,34.76,10361189.0,48.33448851925903,HPQ,27.11
2024-10-02 00:00:00-04:00,34.79,35.475,34.46,35.18,8804148.0,51.15806854348636,HPQ,27.11
2024-10-03 00:00:00-04:00,35.065,35.61,34.98,35.6,7227119.0,53.87288423566922,HPQ,27.11
2024-10-04 00:00:00-04:00,36.0,36.11,35.5601,35.99,5116933.0,56.30179266449172,HPQ,27.11
2024-10-07 00:00:00-04:00,35.97,36.23,35.715,35.91,4302070.0,55.65440495650555,HPQ,27.11
2024-10-08 00:00:00-04:00,35.8,36.155,35.21,36.0,8667217.0,56.263691457869854,HPQ,27.11
2024-10-09 00:00:00-04:00,35.98,36.815,35.8558,36.58,5376459.0,60.07109282303692,HPQ,27.11
2024-10-10 00:00:00-04:00,36.56,36.86,36.415,36.75,4763434.0,61.13893446362564,HPQ,27.11
2024-10-11 00:00:00-04:00,36.94,37.48,36.86,37.01,5832183.0,62.77847695976536,HPQ,27.11
2024-10-14 00:00:00-04:00,37.0,37.465,36.91,37.44,5060210.0,65.37992841434993,HPQ,27.11
2024-10-15 00:00:00-04:00,37.55,37.97,36.845,36.97,6502102.0,60.410059483534106,HPQ,27.11
2024-10-16 00:00:00-04:00,37.04,37.29,37.04,37.18,3413851.0,61.80703870815272,HPQ,27.11
2024-10-17 00:00:00-04:00,37.29,37.87,37.06,37.58,7099552.0,64.38492823446259,HPQ,27.11
2024-10-18 00:00:00-04:00,37.7,37.805,37.155,37.28,4726696.0,61.05635737479348,HPQ,27.11
2024-10-21 00:00:00-04:00,37.34,37.545,36.45,36.46,5593930.0,52.99213832185334,HPQ,27.11
2024-10-22 00:00:00-04:00,36.32,36.37,35.9,36.23,4919246.0,50.95907174385999,HPQ,27.11
2024-10-23 00:00:00-04:00,36.01,36.275,35.565,35.85,4665084.0,47.70277310866703,HPQ,27.11
2024-10-24 00:00:00-04:00,35.95,36.53,35.65,36.47,5931408.0,52.98188327206799,HPQ,27.11
2024-10-25 00:00:00-04:00,36.48,37.255,36.48,36.88,5018356.0,56.13525062597674,HPQ,27.11
2024-10-28 00:00:00-04:00,37.0,37.635,36.965,37.42,5286243.0,59.9455147265512,HPQ,27.11
2024-10-29 00:00:00-04:00,37.43,37.43,37.04,37.06,4937628.0,56.42653905460561,HPQ,27.11
2024-10-30 00:00:00-04:00,37.04,37.26,36.53,36.54,5687553.0,51.70505924283479,HPQ,27.11
2024-10-31 00:00:00-04:00,36.36,36.41,35.39,35.52,6620907.0,43.93860938159526,HPQ,27.11
2024-11-01 00:00:00-04:00,35.49,36.575,35.485,36.28,6360782.0,49.96876884241669,HPQ,27.11
2024-11-04 00:00:00-05:00,36.27,36.457613,35.8,35.99,9533898.0,47.85358323692667,HPQ,27.11
2024-11-05 00:00:00-05:00,36.0,36.655,35.94,36.64,4162772.0,52.6877686751004,HPQ,27.11
2024-11-06 00:00:00-05:00,37.44,37.53,35.8917,36.91,9571136.0,54.571680603600214,HPQ,27.11
2024-11-07 00:00:00-05:00,36.81,37.6,36.72,37.34,5801718.0,57.4757888881196,HPQ,27.11
2024-11-08 00:00:00-05:00,37.2,37.32,36.68,36.82,5489610.0,53.0584542558821,HPQ,27.11
2024-11-11 00:00:00-05:00,36.99,38.6699,36.8,37.67,10160550.0,58.6524871474429,HPQ,27.11
2024-11-12 00:00:00-05:00,37.45,37.93,37.1,37.11,6793970.0,54.07994560394723,HPQ,27.11
2024-11-13 00:00:00-05:00,37.14,37.24,36.73,36.81,6087807.0,51.75229006922169,HPQ,27.11
2024-11-14 00:00:00-05:00,36.85,37.1,36.47,36.49,6044524.0,49.314103077913344,HPQ,27.11
2024-11-15 00:00:00-05:00,36.38,36.935,36.33,36.72,7278754.0,51.09743275729482,HPQ,27.11
2024-11-18 00:00:00-05:00,36.92,37.725,36.845,37.43,7624786.0,56.21839291144219,HPQ,27.11
2024-11-19 00:00:00-05:00,37.07,37.24,36.703,36.87,4665433.0,51.626354049408285,HPQ,27.11
2024-11-20 00:00:00-05:00,36.87,36.98,36.425,36.68,4928961.0,50.130198292046494,HPQ,27.11
2024-11-21 00:00:00-05:00,36.77,37.96,36.73,37.91,5969606.0,58.51242812097756,HPQ,27.11
2024-11-22 00:00:00-05:00,37.96,38.65,37.88,38.13,6961129.0,59.81350890573285,HPQ,27.11
2024-11-25 00:00:00-05:00,38.49,39.795,38.22,39.3,14160241.0,65.9324349390098,HPQ,27.11
2024-11-26 00:00:00-05:00,39.25,39.62,38.94,39.1,12112424.0,64.13473486142036,HPQ,27.11
2024-11-27 00:00:00-05:00,36.56,37.5,33.535,34.66,27423793.0,38.82571797222662,HPQ,27.11
2024-11-29 00:00:00-05:00,34.25,35.88,34.25,35.43,8300944.0,43.02485322221273,HPQ,27.11
2024-12-02 00:00:00-05:00,35.75,36.6,35.22,36.45,11320889.0,48.106431803020406,HPQ,27.11
2024-12-03 00:00:00-05:00,36.375,36.92,35.89,36.79,7311620.0,49.71634858968981,HPQ,27.11
2024-12-04 00:00:00-05:00,36.89,36.93,35.955,36.36,8736016.0,47.70081555206445,HPQ,27.11
2024-12-05 00:00:00-05:00,36.58,36.62,36.03,36.17,8251449.0,46.79802286829773,HPQ,27.11
2024-12-06 00:00:00-05:00,36.45,36.6,35.895,36.2,6583550.0,46.96868883638744,HPQ,27.11
2024-12-09 00:00:00-05:00,36.28,36.81,36.12,36.45,6308444.0,48.452671263287314,HPQ,27.11
2024-12-10 00:00:00-05:00,36.15,36.265,34.9,34.94,8015777.0,40.99142998617657,HPQ,27.11
2024-12-11 00:00:00-05:00,34.85,34.9,34.35,34.55,8183462.0,39.30780822480335,HPQ,27.11
2024-12-12 00:00:00-05:00,34.47,35.14,34.26,34.98,5143653.0,42.13004308847746,HPQ,27.11
2024-12-13 00:00:00-05:00,35.06,35.08,34.345,34.55,5101544.0,40.12087879421311,HPQ,27.11
2024-12-16 00:00:00-05:00,34.4,34.78,34.05,34.19,8182425.0,38.46690172307867,HPQ,27.11
2024-12-17 00:00:00-05:00,33.52,34.36,33.3278,33.84,8290814.0,36.87526333578117,HPQ,27.11
2024-12-18 00:00:00-05:00,33.98,34.067,32.44,32.49,10393079.0,31.466945646403346,HPQ,27.11
2024-12-19 00:00:00-05:00,32.57,33.14,32.27,32.46,7615740.0,31.356884977827818,HPQ,27.11
2024-12-20 00:00:00-05:00,32.29,33.1901,32.14,32.94,17752861.0,35.25867425750083,HPQ,27.11
2024-12-23 00:00:00-05:00,32.84,33.26,32.65,33.23,5241816.0,37.56764273782035,HPQ,27.11
2024-12-24 00:00:00-05:00,33.33,33.47,33.17,33.44,2128103.0,39.257064833179626,HPQ,27.11
2024-12-26 00:00:00-05:00,33.34,33.65,33.27,33.43,3062800.0,39.20266351781945,HPQ,27.11
2024-12-27 00:00:00-05:00,33.29,33.39,32.97,33.28,4423616.0,38.344305643571545,HPQ,27.11
2024-12-30 00:00:00-05:00,32.84,32.8677,32.205,32.63,4243009.0,34.789559948485476,HPQ,27.11
2024-12-31 00:00:00-05:00,32.825,32.915,32.435,32.63,4126665.0,34.789559948485476,HPQ,27.11
2025-01-02 00:00:00-05:00,32.69,32.83,32.285,32.47,4660687.0,33.89256883863011,HPQ,27.11
2025-01-03 00:00:00-05:00,32.83,33.15,32.58,33.14,5451673.0,40.77843513500205,HPQ,27.11
2025-01-06 00:00:00-05:00,33.53,34.17,33.41,33.87,7757631.0,47.22818770286915,HPQ,27.11
2025-01-07 00:00:00-05:00,34.02,34.45,33.445,33.67,5343720.0,45.75783848438657,HPQ,27.11
2025-01-08 00:00:00-05:00,33.5,33.55,33.002,33.45,4891883.0,44.130292062410625,HPQ,27.11
2025-01-10 00:00:00-05:00,33.11,33.445,32.89,33.2,6222542.0,42.289509292067486,HPQ,27.11
2025-01-13 00:00:00-05:00,33.09,33.09,32.47,32.62,7063090.0,38.29818845706863,HPQ,27.11
2025-01-14 00:00:00-05:00,32.9,33.15,32.37,32.67,5518025.0,38.834132963662896,HPQ,27.11
2025-01-15 00:00:00-05:00,33.37,33.545,32.695,32.79,7227053.0,40.177160317846536,HPQ,27.11
2025-01-16 00:00:00-05:00,32.72,32.73,32.34,32.35,7973542.0,36.971626297644775,HPQ,27.11
2025-01-17 00:00:00-05:00,32.72,33.0,32.5,32.51,8455700.0,38.88124918516916,HPQ,27.11
2025-01-21 00:00:00-05:00,32.42,32.98,32.22,32.95,7758207.0,43.913765277161076,HPQ,27.11
2025-01-22 00:00:00-05:00,33.04,33.57,32.835,33.13,5184557.0,45.87710840379763,HPQ,27.11
2025-01-23 00:00:00-05:00,33.08,33.53,32.76,33.38,4623490.0,48.56993967399166,HPQ,27.11
2025-01-24 00:00:00-05:00,33.51,33.5197,32.63,32.73,4048921.0,42.63096653589322,HPQ,27.11
2025-01-27 00:00:00-05:00,32.53,33.36,32.31,33.33,10176994.0,48.84858445739409,HPQ,27.11
2025-01-28 00:00:00-05:00,33.19,33.2,32.29,32.74,5955856.0,43.81939164581206,HPQ,27.11
2025-01-29 00:00:00-05:00,33.05,33.055,32.555,32.61,4039533.0,42.77441542007855,HPQ,27.11
2025-01-30 00:00:00-05:00,33.02,33.08,32.685,32.8,3611791.0,44.844664171234584,HPQ,27.11
2025-01-31 00:00:00-05:00,32.98,33.325,32.425,32.5,6179231.0,42.24588688392646,HPQ,27.11
2025-02-03 00:00:00-05:00,31.71,32.38,31.05,32.0,8205701.0,38.265717287036026,HPQ,27.11
2025-02-04 00:00:00-05:00,31.96,32.36,31.78,32.01,5050626.0,38.39073681075508,HPQ,27.11
2025-02-05 00:00:00-05:00,32.01,32.58,32.01,32.57,5518113.0,45.09616924924677,HPQ,27.11
2025-02-06 00:00:00-05:00,32.59,32.74,32.385,32.6,6197100.0,45.43876571121844,HPQ,27.11
2025-02-07 00:00:00-05:00,32.85,32.97,32.14,32.27,4382860.0,42.31115644825166,HPQ,27.11
2025-02-10 00:00:00-05:00,32.59,33.095,32.38,32.82,5424190.0,48.65454617744252,HPQ,27.11
2025-02-11 00:00:00-05:00,32.655,33.29,32.52,33.15,4384534.0,52.060648205331425,HPQ,27.11
2025-02-12 00:00:00-05:00,32.83,33.25,32.505,33.04,4312332.0,50.84974926115154,HPQ,27.11
2025-02-13 00:00:00-05:00,33.1,33.34,32.9108,33.3,5393558.0,53.59706829700677,HPQ,27.11
2025-02-14 00:00:00-05:00,33.38,33.81,33.34,33.64,4183372.0,56.98325684384902,HPQ,27.11
2025-02-18 00:00:00-05:00,33.87,34.23,33.605,34.2,5309527.0,61.91312043544557,HPQ,27.11
2025-02-19 00:00:00-05:00,34.185,34.86,34.087352,34.68,5665966.0,65.5567892755611,HPQ,27.11
2025-02-20 00:00:00-05:00,34.85,34.9,34.38,34.72,5007041.0,65.84998514006097,HPQ,27.11
2025-02-21 00:00:00-05:00,34.91,34.95,34.4753,34.63,7214145.0,64.5191926619901,HPQ,27.11
2025-02-24 00:00:00-05:00,34.84,35.275,34.67,34.67,7142784.0,64.85910710153223,HPQ,27.11
2025-02-25 00:00:00-05:00,34.78,35.01,34.01,34.1,7036118.0,56.545763336741445,HPQ,27.11
2025-02-26 00:00:00-05:00,33.97,34.0706,33.59,33.83,7037824.0,53.0754247883909,HPQ,27.11
2025-02-27 00:00:00-05:00,33.69,33.9,33.11,33.13,10354743.0,45.31122753503712,HPQ,27.11
2025-02-28 00:00:00-05:00,31.43,31.43,29.98,30.87,23233205.0,30.034774255008386,HPQ,27.11
2025-03-03 00:00:00-05:00,31.08,31.43,29.91,30.04,8299717.0,26.501039453885,HPQ,27.11
2025-03-04 00:00:00-05:00,29.92,30.13,29.175,29.29,9602523.0,23.778569136129363,HPQ,27.11
2025-03-05 00:00:00-05:00,29.5,29.81,29.18,29.52,8940080.0,26.279712138733345,HPQ,27.11
2025-03-06 00:00:00-05:00,29.25,30.02,29.24,29.97,10136799.0,31.047129128811022,HPQ,27.11
2025-03-07 00:00:00-05:00,29.83,30.61,29.63,30.54,10995470.0,36.6367291332474,HPQ,27.11
2025-03-10 00:00:00-04:00,30.31,30.5,29.6,29.98,8851054.0,33.74268057854292,HPQ,27.11
2025-03-11 00:00:00-04:00,29.83,29.89,28.565,28.62,10783605.0,27.965154578761727,HPQ,27.11
2025-03-12 00:00:00-04:00,28.51,28.59,27.82,28.47,9173463.0,27.407747214772783,HPQ,27.11
2025-03-13 00:00:00-04:00,28.5,28.85,27.67,27.91,6882651.0,25.374308253572494,HPQ,27.11
2025-03-14 00:00:00-04:00,28.25,28.535,28.115,28.41,5385836.0,30.343503788886764,HPQ,27.11
2025-03-17 00:00:00-04:00,28.395,28.96,28.38,28.91,6395601.0,35.004369206416186,HPQ,27.11
2025-03-18 00:00:00-04:00,28.76,28.8691,28.54,28.7,5001509.0,33.97608711334091,HPQ,27.11
2025-03-19 00:00:00-04:00,28.8,29.01,28.49,28.76,7905890.0,34.56751266791581,HPQ,27.11
2025-03-20 00:00:00-04:00,28.6,28.89,28.48,28.51,5525522.0,33.231761298628015,HPQ,27.11
2025-03-21 00:00:00-04:00,28.24,28.68,27.95,28.68,23907656.0,35.06915469117858,HPQ,27.11
2025-03-24 00:00:00-04:00,29.06,29.175,28.67,29.0,5804715.0,38.49993976334035,HPQ,27.11
2025-03-25 00:00:00-04:00,29.05,29.13,28.6,28.81,6053797.0,37.24170882102323,HPQ,27.11
2025-03-26 00:00:00-04:00,28.805,29.01,28.53,28.71,6371473.0,36.56439523323015,HPQ,27.11
2025-03-27 00:00:00-04:00,28.49,28.78,28.285,28.65,6106493.0,36.139696831318666,HPQ,27.11
2025-03-28 00:00:00-04:00,28.39,28.6505,27.79,27.9,5452124.0,31.253065739105722,HPQ,27.11
2025-03-31 00:00:00-04:00,27.455,27.79,27.3,27.69,8946808.0,30.028718618863593,HPQ,27.11
2025-04-01 00:00:00-04:00,27.88,27.9599,27.455,27.79,6494574.0,31.406748756308332,HPQ,27.11
2025-04-02 00:00:00-04:00,27.49,28.065,27.49,27.88,6050269.0,32.691549194579906,HPQ,27.11
2025-04-03 00:00:00-04:00,25.88,25.94,22.945,23.78,23089339.0,17.036382419575332,HPQ,27.11
2025-04-04 00:00:00-04:00,23.32,23.46,21.96,22.61,22865133.0,14.850837085751024,HPQ,27.11
2025-04-07 00:00:00-04:00,21.82,24.06,21.59,23.38,21901376.0,21.94756930339453,HPQ,27.11
2025-04-08 00:00:00-04:00,23.7,23.82,21.51,21.88,17963463.0,18.681182477743178,HPQ,27.11
2025-04-09 00:00:00-04:00,21.5,24.335,21.21,24.28,19749472.0,35.278394263950275,HPQ,27.11
2025-04-10 00:00:00-04:00,23.42,23.66,22.32,22.87,11304389.0,31.243794918418473,HPQ,27.11
2025-04-11 00:00:00-04:00,22.99,23.47,22.4,23.44,10168108.0,34.50472867292028,HPQ,27.11
2025-04-14 00:00:00-04:00,24.69,25.1092,23.65,24.04,10638513.0,37.84635408790587,HPQ,27.11
2025-04-15 00:00:00-04:00,24.0,24.27,23.51,23.74,9162388.0,36.83441066259051,HPQ,27.11
2025-04-16 00:00:00-04:00,23.38,23.7899,23.0711,23.47,7280726.0,35.903942500660165,HPQ,27.11
2025-04-17 00:00:00-04:00,23.72,23.9997,23.55,23.83,6785873.0,38.147456456098304,HPQ,27.11
2025-04-21 00:00:00-04:00,23.45,23.825,23.105,23.75,8812652.0,37.83056360691514,HPQ,27.11
2025-04-22 00:00:00-04:00,24.02,24.25,23.775,24.18,6415606.0,40.68283215069546,HPQ,27.11
2025-04-23 00:00:00-04:00,25.11,25.58,24.49,24.63,7288074.0,43.59910541366169,HPQ,27.11
2025-04-24 00:00:00-04:00,24.74,25.35,24.55,25.33,6542699.0,47.890833015725704,HPQ,27.11
2025-04-25 00:00:00-04:00,25.33,25.52,25.06,25.28,5023445.0,47.61214355902556,HPQ,27.11
2025-04-28 00:00:00-04:00,25.28,25.54,25.0244,25.39,5255952.0,48.32460168585157,HPQ,27.11
2025-04-29 00:00:00-04:00,25.06,25.625,25.06,25.52,5320926.0,49.20381680420986,HPQ,27.11
2025-04-30 00:00:00-04:00,24.92,25.67,24.92,25.57,6202813.0,49.559287547252815,HPQ,27.11
2025-05-01 00:00:00-04:00,25.67,25.88,25.36,25.39,6525760.0,48.250228197233234,HPQ,27.11
2025-05-02 00:00:00-04:00,25.93,26.075,25.79,25.95,5669265.0,52.457641808655005,HPQ,27.11
2025-05-05 00:00:00-04:00,25.78,26.2,25.755,25.9,4577666.0,52.0507300365552,HPQ,27.11
2025-05-06 00:00:00-04:00,25.62,25.935,25.49,25.63,5308491.0,49.80408282563817,HPQ,27.11
2025-05-07 00:00:00-04:00,25.6,25.9,25.43,25.85,5702915.0,51.63587008861878,HPQ,27.11
2025-05-08 00:00:00-04:00,26.1,26.65,25.98,26.33,5941818.0,55.45535973249417,HPQ,27.11
2025-05-09 00:00:00-04:00,26.67,26.92,26.405,26.46,7595730.0,56.4582978982329,HPQ,27.11
2025-05-12 00:00:00-04:00,28.18,29.055,28.13,28.26,10453168.0,67.40236280755825,HPQ,27.11
2025-05-13 00:00:00-04:00,28.245,28.95,28.14,28.78,7115815.0,69.76652287655426,HPQ,27.11
2025-05-14 00:00:00-04:00,28.8,28.94,28.535,28.65,7216634.0,68.43034529934484,HPQ,27.11
2025-05-15 00:00:00-04:00,28.38,28.97,28.35,28.78,7929205.0,69.0683226426842,HPQ,27.11
2025-05-16 00:00:00-04:00,28.9,29.37,28.8804,29.32,7803067.0,71.63273564829142,HPQ,27.11
2025-05-19 00:00:00-04:00,28.84,29.125,28.775,29.1,6836503.0,69.1185758101359,HPQ,27.11
2025-05-20 00:00:00-04:00,29.1,29.48,28.8,28.98,7766981.0,67.722346994891,HPQ,27.11
2025-05-21 00:00:00-04:00,28.84,29.24,28.5537,28.61,7584751.0,63.46534712461973,HPQ,27.11
2025-05-22 00:00:00-04:00,28.5,28.745,28.38,28.5,5729385.0,62.213272180056116,HPQ,27.11
2025-05-23 00:00:00-04:00,27.68,28.13,27.56,27.98,7663119.0,56.53511646597228,HPQ,27.11
2025-05-27 00:00:00-04:00,28.44,28.47,28.14,28.34,10305970.0,59.30432911627068,HPQ,27.11
2025-05-28 00:00:00-04:00,28.15,28.35,27.2,27.2,17503383.0,48.71902361764807,HPQ,27.11
2025-05-29 00:00:00-04:00,23.815,25.9,23.59,24.95,26469233.0,35.31939850074626,HPQ,27.11
2025-05-30 00:00:00-04:00,24.76,25.03,24.4,24.9,16298104.0,35.08844192813008,HPQ,27.11
2025-06-02 00:00:00-04:00,24.94,24.98,24.45,24.91,9587830.0,35.17973598403643,HPQ,27.11
2025-06-03 00:00:00-04:00,24.82,25.47,24.51,25.38,8393505.0,39.48746482230562,HPQ,27.11
2025-06-04 00:00:00-04:00,25.46,25.71,25.11,25.18,12721322.0,38.320427543409416,HPQ,27.11
2025-06-05 00:00:00-04:00,25.18,25.38,24.61,24.7,12252719.0,35.60096447190021,HPQ,27.11
2025-06-06 00:00:00-04:00,25.0,25.295,24.84,25.18,12430179.0,40.1732458053191,HPQ,27.11
2025-06-09 00:00:00-04:00,25.51,25.58,25.0,25.12,11835726.0,39.79292148053292,HPQ,27.11
2025-06-10 00:00:00-04:00,25.19,25.69,25.07,25.56,9364385.0,43.98121379407743,HPQ,27.11
2025-06-11 00:00:00-04:00,25.46,25.46,24.71,24.82,6240419.0,39.05986752508297,HPQ,27.11
2025-06-12 00:00:00-04:00,24.75,24.905,24.64,24.74,5665362.0,38.55756054597233,HPQ,27.11
2025-06-13 00:00:00-04:00,24.4,24.59,23.76,23.84,7084708.0,33.359977872043316,HPQ,27.11
2025-06-16 00:00:00-04:00,24.05,24.555,23.98,24.52,8030104.0,39.946843215177594,HPQ,27.11
2025-06-17 00:00:00-04:00,24.36,24.705,24.2,24.29,5796913.0,38.55859087746681,HPQ,27.11
2025-06-18 00:00:00-04:00,24.28,24.41,24.1,24.18,8659400.0,37.880556319597325,HPQ,27.11
2025-06-20 00:00:00-04:00,24.46,24.75,24.085,24.11,19507251.0,37.429495928816074,HPQ,27.11
2025-06-23 00:00:00-04:00,23.98,24.01,23.45,23.91,9454439.0,36.10661205576453,HPQ,27.11
2025-06-24 00:00:00-04:00,24.25,24.595,24.15,24.54,7644277.0,42.947010318772215,HPQ,27.11
2025-06-25 00:00:00-04:00,24.55,24.6,24.305,24.53,8128402.0,42.868557513958656,HPQ,27.11
2025-06-26 00:00:00-04:00,24.81,24.84,24.47,24.71,6869102.0,44.82242600216808,HPQ,27.11
2025-06-27 00:00:00-04:00,24.74,24.97,24.43,24.77,13832116.0,45.491612093386635,HPQ,27.11
2025-06-30 00:00:00-04:00,24.91,24.95,24.3533,24.46,11117068.0,42.61586469483184,HPQ,27.11
2025-07-01 00:00:00-04:00,24.31,25.82,24.3,25.5,13488137.0,53.285057347319096,HPQ,27.11
2025-07-02 00:00:00-04:00,25.58,25.96,25.25,25.85,8496232.0,56.2341885161022,HPQ,27.11
2025-07-03 00:00:00-04:00,26.08,26.255,25.98,26.0,4740177.0,57.4732929823019,HPQ,27.11
2025-07-07 00:00:00-04:00,25.86,25.96,25.22,25.34,6716145.0,50.67494234849611,HPQ,27.11
2025-07-08 00:00:00-04:00,25.52,26.015,25.2602,25.8,7987016.0,54.69712528936727,HPQ,27.11
2025-07-09 00:00:00-04:00,25.82,25.95,25.275,25.62,6354204.0,52.87999939788113,HPQ,27.11
2025-07-10 00:00:00-04:00,25.68,26.265,25.5904,25.73,7608216.0,53.88817842083583,HPQ,27.11
2025-07-11 00:00:00-04:00,25.5,25.625,25.31,25.42,6169451.0,50.6022656958072,HPQ,27.11
2025-07-14 00:00:00-04:00,25.2,25.38,24.655,24.83,9451834.0,44.980625884133495,HPQ,27.11
2025-07-15 00:00:00-04:00,25.06,25.225,24.485,24.52,6753283.0,42.32029241124858,HPQ,27.11
2025-07-16 00:00:00-04:00,24.54,24.63,24.105,24.56,5919412.0,42.790470022595755,HPQ,27.11
2025-07-17 00:00:00-04:00,24.56,24.81,24.31,24.75,6757978.0,45.08051313801671,HPQ,27.11
2025-07-18 00:00:00-04:00,24.96,25.11,24.72,25.06,7173831.0,48.68941460723923,HPQ,27.11
2025-07-21 00:00:00-04:00,25.18,25.19,24.8,24.83,5068931.0,46.26051352028014,HPQ,27.11
2025-07-22 00:00:00-04:00,24.95,25.415,24.83,25.41,7841342.0,52.672254039070616,HPQ,27.11
2025-07-23 00:00:00-04:00,25.68,26.05,25.5,25.88,7219996.0,57.13535029005866,HPQ,27.11
2025-07-24 00:00:00-04:00,25.72,25.92,25.56,25.69,6055301.0,54.88218899066591,HPQ,27.11
2025-07-25 00:00:00-04:00,25.73,25.8,25.43,25.68,6327586.0,54.759789322667004,HPQ,27.11
2025-07-28 00:00:00-04:00,25.74,25.945,25.485,25.85,5896511.0,56.53449818307962,HPQ,27.11
2025-07-29 00:00:00-04:00,26.0,26.03,25.585,25.67,6551303.0,54.113916550455066,HPQ,27.11
2025-07-30 00:00:00-04:00,25.75,25.8,24.93,25.1,7181369.0,47.21926324930949,HPQ,27.11
2025-07-31 00:00:00-04:00,24.99,25.355,24.76,24.8,12646035.0,44.03893904136355,HPQ,27.11
2025-08-01 00:00:00-04:00,24.52,24.635,24.105,24.45,7929495.0,40.6030267384618,HPQ,27.11
2025-08-04 00:00:00-04:00,24.48,25.0,24.45,24.97,6201311.0,47.19479510057497,HPQ,27.11
2025-08-05 00:00:00-04:00,25.25,25.36,24.915,25.05,6281175.0,48.14819009987456,HPQ,27.11
2025-08-06 00:00:00-04:00,25.1,25.24,24.79,25.01,8133177.0,47.68460548010337,HPQ,27.11
2025-08-07 00:00:00-04:00,25.43,25.525,25.03,25.35,8419455.0,51.92200138194906,HPQ,27.11
2025-08-08 00:00:00-04:00,25.51,26.15,25.32,26.11,7075394.0,59.766674127274925,HPQ,27.11
2025-08-11 00:00:00-04:00,26.16,26.365,25.46,25.51,7540216.0,52.48566617158194,HPQ,27.11
2025-08-12 00:00:00-04:00,25.9,26.695,25.78,26.6,8844354.0,61.63054538474767,HPQ,27.11
2025-08-13 00:00:00-04:00,26.57,27.325,26.57,27.14,9407784.0,65.20359950953329,HPQ,27.11
2025-08-14 00:00:00-04:00,26.67,27.01,26.619,26.93,6544629.0,62.75611345154256,HPQ,27.11
2025-08-15 00:00:00-04:00,27.09,27.1573,26.57,26.74,6974435.0,60.54187931033152,HPQ,27.11
2025-08-18 00:00:00-04:00,26.71,27.02,26.69,26.83,5769826.0,61.23951753696136,HPQ,27.11
2025-08-19 00:00:00-04:00,26.95,27.36,26.905,27.0,7144299.0,62.585157538599354,HPQ,27.11
2025-08-20 00:00:00-04:00,26.8,26.9,26.355,26.47,6458925.0,56.051739581704815,HPQ,27.11
2025-08-21 00:00:00-04:00,26.42,26.585,26.3,26.58,7326466.0,57.053803214270076,HPQ,27.11
2025-08-22 00:00:00-04:00,26.76,27.75,26.67,27.74,6574155.0,65.88709059279827,HPQ,27.11
2025-08-25 00:00:00-04:00,27.65,27.785,27.445,27.5,8250012.0,62.99990005089197,HPQ,27.11
2025-08-26 00:00:00-04:00,27.35,27.52,26.925,27.01,11927922.0,57.463392465445416,HPQ,27.11
2025-08-27 00:00:00-04:00,27.07,27.26,26.895,27.11,11703456.0,58.2694003087483,HPQ,27.11
